Лабораторная работа 4. LeNet-5 для MNIST

Параметры обучения:
- batch_size: 64
- epochs: 5
- learning_rate: 0.001
- optimizer: Adam
- loss: CrossEntropyLoss

Итоговые результаты:
- train loss: 0.0319
- test loss: 0.0492
- train accuracy: 0.9901
- test accuracy: 0.9855

Classification report:
              precision    recall  f1-score   support

           0     0.9959    0.9888    0.9923       980
           1     0.9868    0.9912    0.9890      1135
           2     0.9854    0.9835    0.9845      1032
           3     0.9803    0.9851    0.9827      1010
           4     0.9868    0.9888    0.9878       982
           5     0.9769    0.9966    0.9867       892
           6     0.9845    0.9916    0.9880       958
           7     0.9920    0.9698    0.9808      1028
           8     0.9758    0.9918    0.9837       974
           9     0.9899    0.9693    0.9795      1009

    accuracy                         0.9855     10000
   macro avg     0.9854    0.9857    0.9855     10000
weighted avg     0.9856    0.9855    0.9855     10000


Confusion matrix:
[[ 969    0    0    0    0    2    4    0    4    1]
 [   0 1125    2    1    0    1    3    0    3    0]
 [   2    4 1015    2    1    0    2    2    4    0]
 [   0    0    2  995    0    9    0    0    3    1]
 [   0    1    0    0  971    0    5    2    0    3]
 [   0    0    0    1    0  889    1    0    0    1]
 [   1    1    1    0    2    2  950    0    1    0]
 [   0    7    9    9    0    0    0  997    3    3]
 [   1    0    1    2    0    2    0    1  966    1]
 [   0    2    0    5   10    5    0    3    6  978]]
